_viz_0 = nengo_gui.components.Slider(input_node)
_viz_config[_viz_0].label_visible = True
_viz_config[_viz_0].width = 0.09976389908641264
_viz_config[_viz_0].x = 0.02887899643772116
_viz_config[_viz_0].y = 1.074374958770512
_viz_config[_viz_0].max_value = 10
_viz_config[_viz_0].min_value = -10
_viz_config[_viz_0].height = 0.22526245089808372
_viz_1 = nengo_gui.components.HTMLView(arm_node)
_viz_config[_viz_1].label_visible = True
_viz_config[_viz_1].width = 0.3500876195626132
_viz_config[_viz_1].height = 0.20246260768977564
_viz_config[_viz_1].y = 1.0595697196368319
_viz_config[_viz_1].x = 0.516872761670474
_viz_ace_editor = nengo_gui.components.AceEditor()
_viz_net_graph = nengo_gui.components.NetGraph()
_viz_sim_control = nengo_gui.components.SimControl()
_viz_config[_viz_sim_control].kept_time = 4
_viz_config[_viz_sim_control].shown_time = 0.5
_viz_config[arm_node].pos=(0.7230494983245134, 0.7045113565355365)
_viz_config[arm_node].size=(0.02962962962962963, 0.024691358024691357)
_viz_config[ens].pos=(0.3530067978378699, 0.7011896136614068)
_viz_config[ens].size=(0.1, 0.1)
_viz_config[input_node].pos=(0.035197911307066954, 0.7062281487555275)
_viz_config[input_node].size=(0.1, 0.1)
_viz_config[model].pos=(0.2154839563527499, -0.3199287566807065)
_viz_config[model].size=(0.934421272707967, 0.934421272707967)
_viz_config[model].expanded=True
_viz_config[model].has_layout=True